0.763636363636	0.788990825688	0.752293577982
0.73786407767	0.814814814815	0.752293577982
0.727272727273	0.770642201835	0.752293577982
0.811320754717	0.759259259259	0.752293577982
0.756756756757	0.792452830189	0.752293577982
0.792452830189	0.742857142857	0.752293577982
0.747663551402	0.740740740741	0.752293577982
0.8	0.807339449541	0.752293577982
0.820512820513	0.752293577982	0.752293577982
0.785714285714	0.728971962617	0.752293577982
0.776699029126	0.785046728972	0.752293577982
0.72380952381	0.747663551402	0.752293577982
0.776699029126	0.803921568627	0.752293577982
0.776699029126	0.770642201835	0.752293577982
0.73786407767	0.83185840708	0.752293577982
0.830508474576	0.770642201835	0.752293577982
0.752293577982	0.8	0.752293577982
0.75	0.728971962617	0.752293577982
0.759259259259	0.763636363636	0.752293577982
0.735849056604	0.759259259259	0.752293577982
