0.763636363636	0.788990825688	0.867256637168
0.73786407767	0.788461538462	0.867256637168
0.727272727273	0.781818181818	0.867256637168
0.811320754717	0.759259259259	0.867256637168
0.756756756757	0.780952380952	0.867256637168
0.792452830189	0.742857142857	0.867256637168
0.747663551402	0.740740740741	0.867256637168
0.8	0.807339449541	0.867256637168
0.820512820513	0.825688073394	0.867256637168
0.785714285714	0.728971962617	0.867256637168
0.776699029126	0.785046728972	0.867256637168
0.72380952381	0.796296296296	0.867256637168
0.776699029126	0.796116504854	0.867256637168
0.776699029126	0.820512820513	0.867256637168
0.73786407767	0.716981132075	0.867256637168
0.830508474576	0.770642201835	0.867256637168
0.752293577982	0.732142857143	0.867256637168
0.75	0.728971962617	0.867256637168
0.759259259259	0.763636363636	0.867256637168
0.735849056604	0.759259259259	0.867256637168