0.763636363636	0.702702702703	0.867256637168
0.73786407767	0.822429906542	0.867256637168
0.727272727273	0.77358490566	0.867256637168
0.811320754717	0.766355140187	0.867256637168
0.756756756757	0.769230769231	0.867256637168
0.792452830189	0.767857142857	0.867256637168
0.747663551402	0.756756756757	0.867256637168
0.8	0.814814814815	0.867256637168
0.820512820513	0.828828828829	0.867256637168
0.785714285714	0.767857142857	0.867256637168
0.776699029126	0.807339449541	0.867256637168
0.72380952381	0.728971962617	0.867256637168
0.776699029126	0.792079207921	0.867256637168
0.776699029126	0.825688073394	0.867256637168
0.73786407767	0.785714285714	0.867256637168
0.830508474576	0.767857142857	0.867256637168
0.752293577982	0.8	0.867256637168
0.75	0.759259259259	0.867256637168
0.759259259259	0.740740740741	0.867256637168
0.735849056604	0.752293577982	0.867256637168