1.11053800583	2.40971088409	2.99928307533
0.9923620224	1.75248789787	2.60541892052
1.09254002571	3.00325489044	2.85327887535
0.983704090118	2.21575903893	2.60142707825
1.00168609619	2.9183409214	2.71712207794
0.987847089767	3.02131485939	2.70789194107
1.02385997772	2.49893784523	2.70972800255
1.03375291824	2.24438595772	2.71830701828
1.01435494423	2.53873610497	2.62299418449
1.10522603989	2.36905288696	2.91839599609
1.17846083641	1.77580714226	2.59880208969
0.964728832245	2.32109498978	2.69800209999
0.997437953949	2.21505498886	2.70073318481
1.06782412529	3.76899886131	2.85429000854
0.989919900894	2.07666897774	2.73464608192
1.00818395615	3.42535591125	2.86554503441
1.20360302925	2.32227301598	2.80321192741
1.00670385361	2.1023209095	2.84795093536
1.04252910614	3.11645698547	2.73797798157
1.00106811523	2.59812378883	2.97785997391
