0.230712890625	0.232237100601	0.233417034149
0.236192941666	0.230156898499	0.239903926849
0.234599113464	0.232033967972	0.226943016052
0.240036010742	0.232838869095	0.229228019714
0.242929935455	0.276606082916	0.241709947586
0.258992910385	0.304661035538	0.274169921875
0.259505033493	0.232466936111	0.234302043915
0.232976913452	0.23429107666	0.23393201828
0.237401008606	0.232121944427	0.236070871353
0.23616194725	0.232604026794	0.230939865112
0.233500957489	0.231947898865	0.233263969421
0.233130931854	0.233246088028	0.235450029373
0.225700855255	0.23965883255	0.230628967285
0.230351924896	0.22926402092	0.234878063202
0.233677864075	0.230775117874	0.237066984177
0.234035968781	0.244740009308	0.23030090332
0.233071088791	0.230934143066	0.242969989777
0.231945037842	0.249674081802	0.230688095093
0.230987071991	0.245995998383	0.235684871674
0.229814052582	0.233474969864	0.23387503624
