0.358600854874	0.707453012466	2.08105897903
0.334518194199	0.740936994553	1.83993792534
0.334599018097	0.755659818649	2.39828109741
0.331869125366	0.717992067337	1.78660511971
0.332476139069	0.678781986237	2.3444018364
0.331465959549	0.686464071274	1.66606616974
0.332458972931	0.69290304184	2.01596188545
0.331279993057	0.655320882797	2.06028389931
0.331007957458	0.67712521553	2.02108383179
0.333749055862	0.722079992294	2.03036499023
0.331161975861	0.695811986923	2.01498103142
0.333285093307	0.694869995117	2.23716187477
0.333640098572	0.7257771492	2.02841806412
0.331995010376	0.719446897507	1.78438210487
0.329612970352	0.637794971466	2.07108998299
0.332575798035	0.689065217972	2.07611203194
0.33620595932	0.677756071091	2.19206595421
0.334583044052	0.69361615181	2.3007338047
0.330664873123	0.722229957581	2.03578901291
0.329521179199	0.731600999832	2.10181808472
